142 166 172 060 132 172 A
153 255 186 000 072 186 AbsoluteZero
046 220 191 176 191 026 AcidGreen
145 118 232 124 185 232 Aero
107 054 255 201 255 229 AeroBlue
203 077 190 178 132 190 AfricanViolet
144 113 168 093 138 168 AirForceBlue-RAF
155 255 143 000 048 143 AirForceBlue-USAF
145 104 193 114 160 193 AirSuperiorityBlue
244 255 175 175 000 042 AlabamaCrimson
147 015 255 240 248 255 AliceBlue
059 252 222 132 222 002 AlienArmpit
251 212 227 227 038 054 AlizarinCrimson
019 234 196 196 098 016 AlloyOrange
021 036 239 239 222 205 Almond
246 207 229 229 043 080 Amaranth
242 196 171 171 039 079 AmaranthDeepPurple
239 089 241 241 156 187 AmaranthPink
242 196 171 171 039 079 AmaranthPurple
252 215 211 211 033 045 AmaranthRed
103 131 122 059 122 087 Amazon
031 255 255 255 191 000 Amber
020 255 255 255 126 000 Amber-SAE
245 252 255 255 003 062 AmericanRose
191 127 204 153 102 204 Amethyst
052 181 198 164 198 057 AndroidGreen
148 002 244 242 243 244 Anti-flashWhite
015 109 205 205 149 117 AntiqueBrass
037 180 102 102 093 030 AntiqueBronze
223 093 145 145 092 131 AntiqueFuchsia
247 202 132 132 027 045 AntiqueRuby
024 035 250 250 235 215 AntiqueWhite
085 255 128 000 128 000 Ao
052 255 182 141 182 000 AppleGreen
016 075 251 251 206 177 Apricot
127 255 255 000 255 255 Aqua
113 128 255 127 255 212 Aquamarine
051 235 255 208 255 020 ArcticLime
049 156 083 075 083 032 ArmyGreen
146 054 075 059 068 075 Arsenic
053 050 151 143 151 121 Artichoke
036 137 233 233 214 107 ArylideYellow
095 016 190 178 190 181 AshGrey
065 093 169 135 169 107 Asparagus
014 153 255 255 153 102 AtomicTangerine
000 190 165 165 042 042 Auburn
039 255 253 253 238 000 Aureolin
129 035 128 110 127 128 AuroMetalSaurus
057 249 130 086 130 003 Avocado
026 146 195 195 153 083 AztecGold
148 255 255 000 127 255 Azure
127 015 255 240 255 255 Azure-web
146 026 244 219 233 244 AzureishWhite
127 015 255 240 255 255 AzureMist
163 170 132 044 058 132 B
152 175 148 046 088 148 B'dazzledBlue
141 109 240 137 207 240 BabyBlue
148 084 241 161 202 241 BabyBlueEyes
000 052 244 244 194 194 BabyPink
042 004 254 254 254 250 BabyPowder
243 110 255 255 145 175 Baker-MillerPink
135 213 205 033 171 205 BallBlue
030 070 250 250 231 181 BananaMania
036 202 255 255 225 053 BananaYellow
116 255 106 000 106 078 BangladeshGreen
231 217 224 224 033 138 BarbiePink
002 250 124 124 010 002 BarnRed
042 003 132 132 132 130 BattleshipGrey
249 055 152 152 119 123 Bazaar
145 046 230 188 212 230 BeauBlue
015 075 159 159 129 112 Beaver
042 026 245 245 245 220 Beige
137 063 230 173 216 230 Belgion
244 194 156 156 037 066 BigDipOruby
015 156 232 232 142 090 BigFootFeet
023 059 255 255 228 196 Bisque
016 125 061 061 043 031 Bistre
030 215 150 150 113 023 BistreBrown
046 240 224 202 224 013 BitterLemon
053 255 255 191 255 000 BitterLime
004 160 254 254 111 094 Bittersweet
254 149 191 191 079 081 BittersweetShimmer
000 000 000 000 000 000 Black
007 246 061 061 012 002 BlackBean
147 062 111 084 098 111 BlackCoral
095 076 053 037 053 041 BlackLeatherJacket
049 025 060 059 060 054 BlackOlive
247 021 191 191 175 178 BlackShadows
025 050 255 255 235 205 BlanchedAlmond
008 100 165 165 113 100 Blast-offBronze
017 255 255 255 103 000 BlazeOrange
148 200 231 049 140 231 BleuDeFrance
133 070 238 172 229 238 BlizzardBlue
035 061 250 250 240 190 Blond
170 255 255 000 000 255 Blue
153 223 254 031 117 254 Blue(Crayola)
134 255 175 000 147 175 Blue(Munsell)
139 255 189 000 135 189 Blue(NCS)
163 255 168 000 024 168 Blue(Pantone)
170 170 153 051 051 153 Blue(pigment)
158 252 254 002 071 254 Blue(RYB)
148 127 204 102 153 204 Blue-gray
135 237 186 013 152 186 Blue-green
184 162 146 085 053 146 Blue-magentaViolet
192 206 226 138 043 226 Blue-violet
170 056 208 162 162 208 BlueBell
156 173 247 079 134 247 Blueberry
170 225 240 028 028 240 Bluebonnet
146 154 236 093 173 236 BlueJeans
133 070 238 172 229 238 BlueLagoon
139 219 128 018 097 128 BlueSapphire
153 132 167 080 114 167 BlueYonder
242 148 222 222 093 131 Blush
006 130 121 121 068 059 Bole
135 255 182 000 149 182 BondiBlue
027 029 227 227 218 201 Bone
044 135 226 221 226 106 BoogerBuster
000 255 204 204 000 000 BostonUniversityRed
116 255 106 000 106 078 BottleGreen
232 160 135 135 050 096 Boysenberry
151 255 255 000 112 255 BrandeisBlue
036 162 181 181 166 066 Brass
249 173 203 203 065 084 BrickRed
137 220 214 029 172 214 BrightCerulean
067 255 255 102 255 000 BrightGreen
192 089 228 191 148 228 BrightLavender
202 100 239 216 145 239 BrightLilac
244 211 195 195 033 072 BrightMaroon
149 224 210 025 116 210 BrightNavyBlue
233 255 255 255 000 127 BrightPink
125 246 232 008 232 222 BrightTurquoise
199 080 232 209 159 232 BrightUbe
026 226 255 255 170 029 BrightYellowCrayola
148 204 255 051 153 255 BrilliantAzure
205 068 255 244 187 255 BrilliantLavender
235 170 255 255 085 163 BrilliantRose
246 157 251 251 096 127 BrinkPink
108 255 066 000 066 037 BritishRacingGreen
021 192 205 205 127 050 Bronze
041 255 115 115 112 000 BronzeYellow
021 255 150 150 075 000 Brown
000 190 165 165 042 042 Brown(web)
019 171 107 107 068 035 Brown-nose
014 142 175 175 110 077 BrownSugar
021 127 204 204 153 102 BrownYellow
114 165 077 027 077 062 BrunswickGreen
247 062 255 255 193 204 BubbleGum
129 024 255 231 254 255 Bubbles
071 119 182 123 182 097 BudGreen
034 116 240 240 220 130 Buff
254 233 072 072 006 007 BulgarianRose
244 255 128 128 000 032 Burgundy
023 099 222 222 184 135 Burlywood
005 071 161 161 122 116 BurnishedBrown
017 255 204 204 085 000 BurntOrange
009 166 233 233 116 081 BurntSienna
006 188 138 138 051 036 BurntUmber
220 186 189 189 051 164 Byzantine
220 161 112 112 041 099 Byzantium
245 251 148 148 002 036 C
141 069 114 083 104 114 Cadet
128 103 160 095 158 160 CadetBlue
145 044 176 145 163 176 CadetGrey
108 255 107 000 107 060 CadmiumGreen
019 206 237 237 135 045 CadmiumOrange
248 255 227 227 000 034 CadmiumRed
041 255 255 255 246 000 CadmiumYellow
018 115 166 166 123 091 CafeAuLait
021 142 075 075 054 033 CafeNoir
096 155 077 030 077 043 CalPolyGreen
099 039 193 163 193 173 CambridgeBlue
023 113 193 193 154 107 Camel
241 055 239 239 187 204 CameoPink
064 051 134 120 134 107 CamouflageGreen
039 255 255 255 239 000 CanaryYellow
001 255 255 255 008 000 CandyAppleRed
251 128 228 228 113 122 CandyPink
138 255 255 000 191 255 Capri
005 163 089 089 039 032 CaputMortuum
247 215 196 196 030 058 Cardinal
116 255 204 000 204 153 CaribbeanGreen
248 255 150 150 000 024 Carmine
242 255 215 215 000 064 CarmineAlt
002 183 235 235 076 066 CarminePink
245 255 255 255 000 056 CarmineRed
238 089 255 255 166 201 CarnationPink
000 216 179 179 027 027 Carnelian
144 151 211 086 160 211 CarolinaBlue
023 219 237 237 145 033 CarrotOrange
116 255 086 000 086 063 CastletonGreen
156 242 120 006 042 120 CatalinaBlue
246 132 112 112 054 066 Catawba
005 162 201 201 090 073 CedarChest
159 075 207 146 161 207 Ceil
087 060 225 172 225 175 Celadon
138 255 167 000 123 167 CeladonBlue
123 164 132 047 132 124 CeladonGreen
127 077 255 178 255 255 Celeste
145 165 208 073 151 208 CelestialBlue
242 198 222 222 049 099 Cerise
237 191 236 236 059 131 CerisePink
138 255 167 000 123 167 Cerulean
158 198 190 042 082 190 CeruleanBlue
147 112 195 109 155 195 CeruleanFrost
138 255 165 000 122 165 CGBlue
002 199 224 224 060 049 CGRed
018 111 160 160 120 090 Chamoisee
025 042 247 247 231 206 Champagne
144 080 079 054 069 079 Charcoal
127 047 043 035 043 043 CharlestonGreen
240 096 230 230 143 172 CharmPink
047 255 255 223 255 000 Chartreuse
063 255 255 127 255 000 Chartreuse(web)
242 198 222 222 049 099 Cherry
246 072 255 255 183 197 CherryBlossomPink
007 164 149 149 069 053 Chestnut
235 127 222 222 111 161 ChinaPink
240 132 168 168 081 110 ChinaRose
007 210 170 170 056 030 ChineseRed
209 075 136 133 096 136 ChineseViolet
072 255 255 074 255 000 ChlorophyllGreen
021 255 123 123 063 000 Chocolate
017 218 210 210 105 030 Chocolate(web)
027 255 255 255 167 000 ChromeYellow
008 048 152 152 129 123 Cinereous
003 196 227 227 066 052 Cinnabar
017 218 210 210 105 030 Cinnamon
243 135 205 205 096 126 CinnamonSatin
038 243 228 228 208 010 Citrine
045 208 169 158 169 031 Citron
243 208 127 127 023 052 Claret
230 047 251 251 204 231 ClassicRose
152 255 171 000 071 171 CobaltBlue
017 218 210 210 105 030 CocoaBrown
013 149 150 150 090 062 Coconut
017 128 111 111 078 055 Coffee
141 033 226 196 216 226 ColumbiaBlue
003 130 248 248 131 121 CongoPink
150 255 099 000 046 099 CoolBlack
162 047 172 140 146 172 CoolGrey
020 184 184 184 115 051 Copper
012 134 218 218 138 103 Copper(Crayola)
003 100 173 173 111 105 CopperPenny
009 153 203 203 109 081 CopperRed
000 085 153 153 102 102 CopperRose
009 255 255 255 056 000 Coquelicot
011 175 255 255 127 080 Coral
003 130 248 248 131 121 CoralPink
000 191 255 255 064 064 CoralRed
251 137 137 137 063 069 Cordovan
038 160 251 251 236 093 Corn
000 216 179 179 027 027 CornellRed
154 147 237 100 149 237 CornflowerBlue
034 035 255 255 248 220 Cornsilk
170 170 136 046 045 136 CosmicCobalt
030 024 255 255 248 231 CosmicLatte
236 067 255 255 188 217 CottonCandy
022 136 129 129 097 060 CoyoteBrown
040 047 255 255 253 208 Cream
246 231 220 220 020 060 Crimson
243 255 190 190 000 050 CrimsonGlory
000 255 153 153 000 000 CrimsonRed
000 000 245 245 245 245 Cultured
127 255 255 000 255 255 Cyan
136 255 235 000 183 235 Cyan(process)
148 161 191 070 130 191 Cyan-blueAzure
148 144 180 078 130 180 CyanAzure
152 189 156 040 088 156 CyanCobaltBlue
141 223 194 024 139 194 CyanCornflowerBlue
186 119 124 088 066 124 CyberGrape
035 255 255 255 211 000 CyberYellow
042 206 255 255 255 049 Daffodil
039 204 240 240 225 048 Dandelion
170 255 139 000 000 139 DarkBlue
170 085 153 102 102 153 DarkBlue-gray
021 171 101 101 067 033 DarkBrown
016 108 136 136 101 078 DarkBrownTan
223 098 093 093 057 084 DarkByzantium
000 255 164 164 000 000 DarkCandyAppleRed
148 238 126 008 069 126 DarkCerulean
006 093 152 152 105 096 DarkChestnut
006 169 205 205 091 069 DarkCoral
127 255 139 000 139 139 DarkCyan
145 078 120 083 104 120 DarkElectricBlue
030 239 184 184 134 011 DarkGoldenrod
000 000 169 169 169 169 DarkGray
111 249 050 001 050 032 DarkGreen
085 255 100 000 100 000 DarkGreen(X11)
142 066 042 031 038 042 DarkGunmetal
163 255 126 000 020 126 DarkImperialBlue
143 255 106 000 065 106 DarkImperialBlueAlt
114 070 036 026 036 033 DarkJungleGreen
039 110 189 189 183 107 DarkKhaki
019 077 072 072 060 050 DarkLava
191 120 150 115 079 150 DarkLavender
233 024 083 083 075 079 DarkLiver
008 088 084 084 061 055 DarkLiver(horses)
212 255 139 139 000 139 DarkMagenta
000 000 169 169 169 169 DarkMediumGray
148 255 102 000 051 102 DarkMidnightBlue
056 159 093 074 093 035 DarkMossGreen
058 142 107 085 107 047 DarkOliveGreen
023 255 255 255 140 000 DarkOrange
198 192 204 153 050 204 DarkOrchid
150 105 203 119 158 203 DarkPastelBlue
097 251 192 003 192 060 DarkPastelGreen
186 122 214 150 111 214 DarkPastelPurple
006 210 194 194 059 034 DarkPastelRed
242 162 231 231 084 128 DarkPink
155 255 153 000 051 153 DarkPowderBlue
250 067 079 079 058 060 DarkPuce
206 132 052 048 025 052 DarkPurple
233 183 135 135 038 087 DarkRaspberry
000 255 139 139 000 000 DarkRed
010 121 233 233 150 122 DarkSalmon
243 246 086 086 003 025 DarkScarlet
085 061 188 143 188 143 DarkSeaGreen
000 170 060 060 020 020 DarkSienna
141 088 214 140 190 214 DarkSkyBlue
175 143 139 072 061 139 DarkSlateBlue
127 103 079 047 079 079 DarkSlateGray
106 203 114 023 114 069 DarkSpringGreen
031 112 145 145 129 081 DarkTan
026 237 255 255 168 018 DarkTangerine
019 077 072 072 060 050 DarkTaupe
250 157 204 204 078 092 DarkTerraCotta
128 255 209 000 206 209 DarkTurquoise
022 050 209 209 190 168 DarkVanilla
199 255 211 148 000 211 DarkViolet
036 235 155 155 135 012 DarkYellow
107 255 112 000 112 060 DartmouthGreen
000 000 085 085 085 085 Davy'sGrey
171 221 076 012 010 076 DB
239 243 215 215 010 083 DebianRed
113 129 130 064 130 109 DeepAquamarine
245 206 169 169 032 062 DeepCarmine
253 203 239 239 048 056 DeepCarminePink
013 206 233 233 105 044 DeepCarrotOrange
233 196 218 218 050 135 DeepCerise
024 086 250 250 214 165 DeepChampagne
002 155 185 185 078 072 DeepChestnut
000 107 112 112 066 065 DeepCoffee
212 144 193 193 084 193 DeepFuchsia
086 242 102 005 102 008 DeepGreen
117 226 124 014 124 097 DeepGreenBlue
126 255 075 000 075 073 DeepJungleGreen
170 127 102 051 051 102 DeepKoamaru
033 227 245 245 199 026 DeepLemon
198 139 187 153 085 187 DeepLilac
212 255 204 204 000 204 DeepMagenta
000 255 130 130 000 000 DeepMaroon
212 116 212 212 115 212 DeepMauve
091 111 094 053 094 059 DeepMossGreen
018 091 255 255 203 164 DeepPeach
232 235 255 255 020 147 DeepPink
248 116 169 169 092 104 DeepPuce
000 253 133 133 001 001 DeepRed
237 133 132 132 063 091 DeepRuby
021 204 255 255 153 051 DeepSaffron
138 255 255 000 191 255 DeepSkyBlue
137 080 108 074 100 108 DeepSpaceSparkle
058 142 107 085 107 047 DeepSpringBud
252 064 126 126 094 096 DeepTaupe
242 090 102 102 066 077 DeepTuscanRed
191 255 102 051 000 102 DeepViolet
020 132 186 186 135 089 Deer
151 226 189 021 096 189 Denim
127 085 153 102 153 153 DesaturatedCyan
023 113 193 193 154 107 Desert
017 066 237 237 201 175 DesertSand
249 189 234 234 060 083 Desire
099 234 050 004 050 020 DG
135 070 255 185 242 255 Diamond
000 000 105 105 105 105 DimGray
245 191 197 197 049 081 DingyDungeon
020 118 155 155 118 083 Dirt
212 006 076 076 074 076 DN
016 250 220 220 090 004 DO
148 225 255 030 144 255 DodgerBlue
237 226 215 215 024 104 DogwoodRose
069 117 187 133 187 101 DollarBill
024 155 102 102 076 040 DonkeyBrown
254 252 204 204 002 004 DR
030 215 150 150 113 023 Drab
009 240 068 068 018 004 DT
170 255 156 000 000 156 DukeBlue
004 031 229 229 204 201 DustStorm
029 055 239 239 223 187 DutchWhite
034 248 148 148 122 004 DY
024 147 225 225 169 095 EarthYellow
068 035 093 085 093 080 Ebony
032 086 194 194 178 128 Ecru
000 000 027 027 027 027 EerieBlack
233 086 097 097 064 081 Eggplant
032 027 240 240 234 214 Eggshell
159 230 166 016 052 166 EgyptianBlue
129 130 255 125 249 255 ElectricBlue
244 255 255 255 000 063 ElectricCrimson
127 255 255 000 255 255 ElectricCyan
085 255 255 000 255 000 ElectricGreen
188 255 255 111 000 255 ElectricIndigo
205 068 255 244 187 255 ElectricLavender
051 255 255 204 255 000 ElectricLime
201 255 255 191 000 255 ElectricPurple
180 255 255 063 000 255 ElectricUltramarine
193 255 255 143 000 255 ElectricViolet
042 204 255 255 255 051 ElectricYellow
099 153 200 080 200 120 Emerald
201 160 130 108 048 130 Eminence
114 165 077 027 077 062 EnglishGreen
239 069 180 180 131 149 EnglishLavender
251 143 171 171 075 082 EnglishRed
204 088 092 086 060 092 EnglishViolet
095 063 200 150 200 162 EtonBlue
113 174 215 068 215 168 Eucalyptus
023 113 193 193 154 107 Fallow
000 207 128 128 024 024 FaluRed
226 183 181 181 051 137 Fandango
239 160 222 222 082 133 FandangoPink
226 255 244 244 000 161 FashionFuchsia
021 130 229 229 170 112 Fawn
100 043 093 077 093 083 Feldgrau
020 076 253 253 213 177 Feldspar
074 115 121 079 121 066 FernGreen
006 255 255 255 040 000 FerrariRed
102 091 106 068 106 084 FG
029 184 108 108 084 030 FieldDrab
248 171 255 255 084 112 FieryRose
000 206 178 178 034 034 Firebrick
252 215 206 206 032 041 FireEngineRed
011 216 226 226 088 034 Flame
243 111 252 252 142 172 FlamingoPink
019 171 107 107 068 035 Flattery
036 108 247 247 233 142 Flavescent
035 115 238 238 220 130 Flax
226 255 162 162 000 109 Flirt
028 015 255 255 250 240 FloralWhite
031 255 255 255 191 000 FluorescentOrange
232 235 255 255 020 147 FluorescentPink
051 255 255 204 255 000 FluorescentYellow
241 255 255 255 000 079 Folly
105 251 068 001 068 033 ForestGreen
085 192 139 034 139 034 ForestGreen(web)
018 115 166 166 123 091 FrenchBeige
024 107 133 133 109 077 FrenchBistre
144 255 187 000 114 187 FrenchBlue
236 191 253 253 063 146 FrenchFuchsia
205 082 142 134 096 142 FrenchLilac
062 198 253 158 253 056 FrenchLime
212 116 212 212 115 212 FrenchMauve
240 146 253 253 108 158 FrenchPink
230 215 129 129 020 083 FrenchPlum
008 225 078 078 022 009 FrenchPuce
247 198 199 199 044 072 FrenchRaspberry
239 178 246 246 074 138 FrenchRose
150 135 254 119 181 254 FrenchSkyBlue
197 247 206 136 006 206 FrenchViolet
243 210 172 172 030 068 FrenchWine
138 089 255 166 231 255 FreshAir
228 195 233 233 054 167 Frostbite
212 255 255 255 000 255 Fuchsia
212 144 193 193 084 193 Fuchsia(Crayola)
212 136 255 255 119 255 FuchsiaPink
235 183 204 204 057 123 FuchsiaPurple
238 169 199 199 067 117 FuchsiaRose
024 255 228 228 132 000 Fulvous
000 127 204 204 102 102 FuzzyWuzzy
102 242 082 004 082 036 G
000 000 220 220 220 220 Gainsboro
027 238 228 228 155 015 Gamboge
028 255 152 152 102 000 GambogeOrange
035 185 255 255 223 070 GargoyleGas
119 255 127 000 127 102 GenericViridian
170 007 255 248 248 255 GhostWhite
004 136 176 176 092 082 Giant'sClub
011 225 254 254 090 029 GiantsOrange
024 255 176 176 101 000 Ginger
153 120 182 096 130 182 Glaucous
165 020 250 230 232 250 Glitter
202 047 179 171 146 179 GlossyGrape
110 255 171 000 171 102 GOGreen
035 255 255 255 215 000 Gold
032 188 212 212 175 055 Gold(metallic)
025 220 153 153 101 021 GoldenBrown
002 196 192 192 054 044 GoldenGateOrange
032 255 252 252 194 000 GoldenPoppy
030 217 218 218 165 032 Goldenrod
037 255 255 255 223 000 GoldenYellow
030 105 133 133 117 078 GoldFusion
000 000 103 103 103 103 GraniteGray
079 076 228 168 228 160 GrannySmithApple
192 186 168 111 045 168 Grape
000 000 128 128 128 128 Gray
000 000 190 190 190 190 Gray(X11)
082 057 089 070 089 069 Gray-asparagus
162 047 172 140 146 172 Gray-blue
000 000 000 000 000 000 Gray00
000 000 012 012 012 012 Gray01
000 000 025 025 025 025 Gray02
000 000 038 038 038 038 Gray03
000 000 051 051 051 051 Gray04
000 000 063 063 063 063 Gray05
000 000 076 076 076 076 Gray06
000 000 089 089 089 089 Gray07
000 000 102 102 102 102 Gray08
000 000 114 114 114 114 Gray09
000 000 127 127 127 127 Gray10
000 000 140 140 140 140 Gray11
000 000 153 153 153 153 Gray12
000 000 165 165 165 165 Gray13
000 000 178 178 178 178 Gray14
000 000 191 191 191 191 Gray15
000 000 204 204 204 204 Gray16
000 000 216 216 216 216 Gray17
000 000 229 229 229 229 Gray18
000 000 242 242 242 242 Gray19
000 000 255 255 255 255 Gray20
085 255 255 000 255 000 Green
112 213 172 028 172 120 Green(Crayola)
085 255 128 000 128 000 Green(HTML)
115 255 168 000 168 119 Green(Munsell)
113 255 159 000 159 107 Green(NCS)
101 255 173 000 173 067 Green(Pantone)
105 255 165 000 165 080 Green(pigment)
067 182 176 102 176 050 Green(RYB)
148 230 180 017 100 180 Green-blue
113 255 153 000 153 102 Green-cyan
059 208 255 173 255 047 Green-yellow
059 202 244 167 244 050 GreenLizard
118 093 174 110 174 161 GreenSheen
024 210 136 136 088 024 Grizzly
024 052 169 169 154 134 Grullo
141 067 057 042 052 057 Gunmetal
106 255 255 000 255 127 GuppieGreen
228 117 102 102 055 084 Halayaube
157 171 207 068 108 207 HanBlue
180 230 250 082 024 250 HanPurple
036 137 233 233 214 107 HansaYellow
074 255 255 063 255 000 Harlequin
074 224 203 070 203 024 HarlequinGreen
250 255 201 201 000 022 HarvardCrimson
028 255 218 218 145 000 HarvestGold
042 255 128 128 128 000 HeartGold
020 255 255 255 122 000 HeatWave
202 140 255 223 115 255 Heliotrope
217 027 170 170 152 168 HeliotropeGray
208 255 187 170 000 187 HeliotropeMagenta
226 255 244 244 000 161 HollywoodCerise
085 015 255 240 255 240 Honeydew
143 255 176 000 109 176 HonoluluBlue
115 101 121 073 121 107 Hooker'sGreen
221 226 255 255 029 206 HotMagenta
233 150 255 255 105 180 HotPink
091 111 094 053 094 059 HunterGreen
146 117 210 113 166 210 Iceberg
041 159 252 252 247 094 Icterine
115 168 145 049 145 119 IlluminatingEmerald
204 142 107 096 047 107 Imperial
160 255 149 000 035 149 ImperialBlue
230 250 102 102 002 060 ImperialPurple
251 210 237 237 041 057 ImperialRed
059 154 236 178 236 093 Inchworm
163 077 109 076 081 109 Independence
081 240 136 019 136 008 IndiaGreen
000 140 205 205 092 092 IndianRed
024 157 227 227 168 087 IndianYellow
194 255 130 075 000 130 Indigo
163 239 146 009 031 146 IndigoDye
002 238 186 186 022 012 IntlEngineerOrange
158 255 167 000 047 167 IntlKleinBlue
013 255 255 255 079 000 IntlOrange
173 157 207 090 079 207 Iris
239 158 179 179 068 108 Irresistible
021 008 244 244 240 236 Isabelline
085 255 144 000 144 000 IslamicGreen
127 077 255 178 255 255 ItalianSkyBlue
042 015 255 255 255 240 Ivory
112 255 168 000 168 107 Jade
251 188 157 157 041 051 JapaneseCarmine
133 120 072 038 067 072 JapaneseIndigo
217 114 091 091 050 086 JapaneseViolet
033 125 248 248 222 126 Jasmine
254 185 215 215 059 062 Jasper
232 238 165 165 011 094 JazzberryJam
005 163 218 218 097 078 JellyBean
000 000 052 052 052 052 Jet
034 232 244 244 202 022 Jonquil
150 108 241 138 185 241 JordyBlue
051 153 218 189 218 087 JuneBud
115 193 171 041 171 135 JungleGreen
212 025 020 020 018 020 K
071 223 187 076 187 023 KellyGreen
008 244 124 124 028 005 KenyanCopper
121 170 176 058 176 158 Keppel
047 108 244 232 244 140 KeyLime
026 065 195 195 176 145 Khaki
038 106 240 240 230 140 Khaki(X11)
008 211 136 136 045 023 Kobe
233 079 231 231 159 196 Kobi
019 171 107 107 068 035 Kobicha
073 069 066 053 066 048 KombuGreen
252 255 232 232 000 013 KUCrimson
196 021 221 214 202 221 LanguidLavender
148 192 156 038 097 156 LapisLazuli
100 238 120 008 120 048 LaSalleGreen
042 153 255 255 255 102 LaserLemon
067 039 186 169 186 157 LaurelGreen
251 235 207 207 016 032 Lava
194 108 220 181 126 220 Lavender
170 020 250 230 230 250 Lavender(web)
170 051 255 204 204 255 LavenderBlue
240 015 255 255 240 245 LavenderBlush
173 015 208 196 195 208 LavenderGray
187 160 235 148 087 235 LavenderIndigo
212 115 238 238 130 238 LavenderMagenta
170 020 250 230 230 250 LavenderMist
235 078 251 251 174 210 LavenderPink
189 082 182 150 123 182 LavenderPurple
223 092 251 251 160 227 LavenderRose
064 255 252 124 252 000 LawnGreen
166 093 196 124 130 196 LB
041 255 255 255 247 000 Lemon
038 050 255 255 250 205 LemonChiffon
031 218 204 204 160 029 LemonCurry
042 255 255 253 255 000 LemonGlacier
047 255 255 227 255 000 LemonLime
033 058 246 246 234 190 LemonMeringue
039 176 255 255 244 079 LemonYellow
194 081 216 186 147 216 Lenurple
077 221 154 044 154 020 LG
166 126 167 084 090 167 Liberty
004 098 026 026 017 016 Licorice
020 076 253 253 213 177 LightApricot
137 063 230 173 216 230 LightBlue
000 208 254 254 046 046 LightBrilliantRed
020 214 181 181 101 029 LightBrown
251 140 230 230 103 113 LightCarminePink
152 100 224 136 172 224 LightCobaltBlue
000 119 240 240 128 128 LightCoral
142 094 234 147 204 234 LightCornflowerBlue
242 145 245 245 105 145 LightCrimson
127 031 255 224 255 255 LightCyan
225 163 255 255 092 205 LightDeepPink
026 093 200 200 173 127 LightFrenchBeige
216 119 249 249 132 239 LightFuchsiaPink
042 040 250 250 250 210 LightGoldenYellow
000 000 211 211 211 211 LightGray
212 063 204 204 153 204 LightGrayishMagenta
085 100 238 144 238 144 LightGreen
230 076 255 255 179 222 LightHotPink
038 106 240 240 230 140 LightKhaki
218 067 211 211 155 203 LightMediumOrchid
085 057 223 173 223 173 LightMossGreen
222 068 230 230 168 215 LightOrchid
184 071 217 177 156 217 LightPastelPurple
248 073 255 255 182 193 LightPink
009 166 233 233 116 081 LightRedOchre
012 133 255 255 160 122 LightSalmon
000 102 255 255 153 153 LightSalmonPink
125 209 178 032 178 170 LightSeaGreen
143 117 250 135 206 250 LightSkyBlue
148 056 153 119 136 153 LightSlateGray
151 052 222 176 196 222 LightSteelBlue
018 099 179 179 139 109 LightTaupe
240 096 230 230 143 172 LightThulianPink
042 031 255 255 255 224 LightYellow
212 048 200 200 162 200 Lilac
220 032 174 174 152 170 LilacLuster
053 255 255 191 255 000 Lime
085 255 255 000 255 000 Lime(X11)
085 192 205 050 205 050 LimeGreen
051 243 194 157 194 009 Limerick
074 240 089 025 089 005 LincolnGreen
021 020 250 250 240 230 Linen
023 113 193 193 154 107 Lion
235 127 222 222 111 161 LiseranPurple
150 129 220 108 160 220 LittleBoyBlue
006 079 103 103 076 071 Liver
020 198 184 184 109 041 Liver(dogs)
008 181 108 108 046 031 Liver(organ)
019 110 152 152 116 086 LiverChestnut
148 127 204 102 153 204 Livid
212 002 188 188 186 188 LN
013 190 236 236 114 060 LO
020 130 204 204 150 100 LPT
254 202 204 204 042 044 LR
022 165 148 148 102 052 LT
019 050 255 255 228 205 Lumber
000 219 230 230 032 032 Lust
037 250 244 244 218 004 LY
242 197 116 116 026 052 M
018 119 255 255 189 136 MacaroniAndCheese
212 255 255 255 000 255 Magenta
235 170 255 255 085 163 Magenta(Crayola)
232 215 202 202 031 123 Magenta(dye)
236 175 208 208 065 126 Magenta(Pantone)
231 255 255 255 000 144 Magenta(process)
230 191 204 204 051 139 Magenta-pink
231 144 159 159 069 118 MagentaHaze
108 074 240 170 240 209 MagicMint
247 187 255 255 068 102 MagicPotion
185 011 255 248 244 255 Magnolia
014 255 192 192 064 000 Mahogany
038 160 251 251 236 093 Maize
174 162 220 096 080 220 MajorelleBlue
099 242 218 011 218 081 Malachite
163 028 170 151 154 170 Manatee
012 179 243 243 122 072 Mandarin
014 188 255 255 130 067 MangoTango
078 122 195 116 195 101 Mantis
213 255 136 136 000 133 MardiGras
027 219 234 234 162 033 Marigold
000 255 128 128 000 000 Maroon
244 211 195 195 033 072 Maroon(Crayola)
239 185 176 176 048 096 Maroon(X11)
195 079 255 224 176 255 Mauve
246 092 239 239 152 170 Mauvelous
243 087 145 145 095 109 MauveTaupe
145 138 251 115 194 251 MayaBlue
079 140 145 076 145 065 MayGreen
164 180 068 020 026 068 MB
030 189 229 229 183 059 MeatBrown
109 137 221 102 221 170 MediumAquamarine
170 255 205 000 000 205 MediumBlue
247 248 226 226 006 044 MediumCandyAppleRed
003 177 175 175 064 053 MediumCarmine
034 075 243 243 229 171 MediumChampagne
147 249 150 003 080 150 MediumElectricBlue
113 120 053 028 053 045 MediumJungleGreen
212 070 221 221 160 221 MediumLavMagenta
204 152 211 186 085 211 MediumOrchid
143 255 165 000 103 165 MediumPersianBlue
183 124 219 147 112 219 MediumPurple
229 185 187 187 051 133 MediumRed-violet
238 159 170 170 064 105 MediumRuby
103 169 179 060 179 113 MediumSeaGreen
134 116 235 128 218 235 MediumSkyBlue
176 143 238 123 104 238 MediumSlateBlue
051 098 220 201 220 135 MediumSpringBud
111 255 250 000 250 154 MediumSpringGreen
006 079 103 103 076 071 MediumTaupe
125 167 209 072 209 204 MediumTurquoise
006 130 121 121 068 059 MediumTuscanRed
009 185 217 217 096 059 MediumVermilion
228 228 199 199 021 133 MediumViolet-red
021 131 248 248 184 120 MellowApricot
033 125 248 248 222 126 MellowYellow
004 073 253 253 188 180 Melon
132 236 140 010 126 140 MetallicSeaweed
028 163 156 156 124 056 MetallicSunburst
231 255 228 228 000 124 MexicanPink
097 237 058 004 058 020 MG
212 168 112 112 038 112 Midnight
170 198 112 025 025 112 MidnightBlue
132 255 083 000 073 083 MidnightGreen
032 243 255 255 196 012 MikadoYellow
050 115 249 227 249 136 Mindaro
132 144 125 054 116 125 Ming
036 171 245 245 220 080 MinionYellow
112 167 180 062 180 137 Mint
106 010 255 245 255 250 MintCream
085 103 255 152 255 152 MintGreen
038 092 187 187 180 119 MistyMoss
004 030 255 255 228 225 MistyRose
024 035 250 250 235 215 Moccasin
030 215 150 150 113 023 ModeBeige
140 103 194 115 169 194 MoonstoneBlue
002 255 174 174 012 000 MordantRed19
053 104 154 138 154 091 MossGreen
114 189 186 048 186 143 MountainMeadow
228 051 153 153 122 141 MountbattenPink
118 166 069 024 069 059 MSUGreen
023 230 204 204 122 020 MU
085 127 096 048 096 048 MughalGreen
232 157 197 197 075 140 Mulberry
092 021 142 130 142 132 Mummy'sTomb
033 167 255 255 219 088 Mustard
124 150 120 049 120 115 MyrtleGreen
239 157 214 214 082 130 Mystic
233 156 173 173 067 121 MysticMaroon
212 004 124 124 122 124 N
240 075 246 246 173 198 NadeshikoPink
071 255 128 042 128 000 NapierGreen
033 159 250 250 218 094 NaplesYellow
025 082 255 255 222 173 NavajoWhite
170 255 128 000 000 128 Navy
187 160 235 148 087 235 NavyPurple
172 240 036 004 002 036 NB
021 188 255 255 163 067 NeonCarrot
247 189 254 254 065 100 NeonFuchsia
078 235 255 057 255 020 NeonGreen
158 212 198 033 079 198 NewCar
001 104 215 215 131 127 NewYorkPink
136 078 237 164 221 237 Non-photoBlue
099 246 144 005 144 051 NorthTexasGreen
068 036 255 233 255 219 Nyanza
011 250 252 252 074 004 O
174 162 181 079 066 181 OceanBlue
143 255 190 000 119 190 OceanBoatBlue
111 158 191 072 191 145 OceanGreen
021 212 204 204 119 034 Ochre
085 255 128 000 128 000 OfficeGreen
004 190 253 253 082 064 OgreOdor
004 079 067 067 048 046 OldBurgundy
035 182 207 207 181 059 OldGold
204 088 092 086 060 092 OldHeliotrope
027 023 253 253 245 230 OldLace
215 035 121 121 104 120 OldLavender
237 133 103 103 049 071 OldMauve
038 152 134 134 126 054 OldMossGreen
254 085 192 192 128 129 OldRose
042 003 132 132 132 130 OldSilver
042 255 128 128 128 000 Olive
056 192 142 107 142 035 OliveDrab
030 123 060 060 052 031 OliveDrab#7
061 096 185 154 185 115 Olivine
138 017 057 053 056 057 Onyx
225 071 183 183 132 167 OperaMauve
025 252 251 251 153 002 Orange
013 199 255 255 117 056 Orange(Crayola)
014 255 255 255 088 000 Orange(Pantone)
027 255 255 255 165 000 Orange(web)
021 255 255 255 127 000 Orange(wheel)
011 255 255 255 069 000 Orange-red
032 148 248 248 213 104 Orange-yellow
026 255 255 255 159 000 OrangePeel
006 192 250 250 091 061 OrangeSoda
214 123 218 218 112 214 Orchid
242 055 242 242 189 205 OrchidPink
010 234 251 251 079 020 OriolesOrange
021 171 101 101 067 033 OtterBrown
000 255 153 153 000 000 OUCrimsonRed
135 036 076 065 074 076 OuterSpace
008 181 255 255 110 074 OutrageousOrange
150 255 071 000 033 071 OxfordBlue
212 250 116 116 002 116 P
135 219 201 028 169 201 PacificBlue
085 255 102 000 102 000 PakistanGreen
165 210 226 039 059 226 PalatinateBlue
217 156 104 104 040 096 PalatinatePurple
145 046 230 188 212 230 PaleAqua
127 067 238 175 238 238 PaleBlue
021 114 152 152 118 084 PaleBrown
003 177 175 175 064 053 PaleCarmine
145 080 226 155 196 226 PaleCerulean
253 055 221 221 173 175 PaleChestnut
012 134 218 218 138 103 PaleCopper
148 072 239 171 205 239 PaleCornflowerBlue
141 116 248 135 211 248 PaleCyan
024 102 230 230 190 138 PaleGold
038 072 238 238 232 170 PaleGoldenrod
085 100 251 152 251 152 PaleGreen
180 047 255 220 208 255 PaleLavender
219 119 249 249 132 229 PaleMagenta
233 102 255 255 153 204 PaleMagenta-pink
251 032 250 250 218 221 PalePink
212 070 221 221 160 221 PalePlum
241 124 219 219 112 147 PaleRed-violet
119 082 222 150 222 209 PaleRobinEggBlue
015 017 201 201 192 187 PaleSilver
041 050 236 236 235 189 PaleSpringBud
017 084 188 188 152 126 PaleTaupe
127 067 238 175 238 238 PaleTurquoise
191 102 255 204 153 255 PaleViolet
241 124 219 219 112 147 PaleViolet-red
232 204 120 120 024 074 PansyPurple
119 255 155 000 155 125 PaoloVeroneseGreen
026 042 255 255 239 213 PapayaWhip
245 186 230 230 062 098 ParadisePink
099 153 200 080 200 120 ParisGreen
139 040 207 174 198 207 PastelBlue
019 092 130 130 105 083 PastelBrown
042 013 207 207 207 196 PastelGray
085 117 221 119 221 119 PastelGreen
236 094 244 244 154 194 PastelMagenta
024 184 255 255 179 071 PastelOrange
000 066 222 222 165 164 PastelPink
208 032 181 179 158 181 PastelPurple
002 158 255 255 105 097 PastelRed
214 062 203 203 153 201 PastelViolet
042 103 253 253 253 150 PastelYellow
212 255 128 128 000 128 Patriarch
145 078 120 083 104 120 Payne'sGrey
018 091 255 255 203 164 Peach
021 102 255 255 204 153 Peach-orange
027 078 250 250 223 173 Peach-yellow
027 075 255 255 229 180 PeachAlt
020 070 255 255 218 185 PeachPuff
046 199 226 209 226 049 Pear
029 037 234 234 224 200 Pearl
114 094 216 136 216 192 PearlAqua
223 110 183 183 104 162 PearlyPurple
041 255 230 230 226 000 Peridot
170 051 255 204 204 255 Periwinkle
000 205 225 225 044 044 PermGeraniumLake
162 216 187 028 057 187 PersianBlue
122 255 166 000 166 147 PersianGreen
183 217 122 050 018 122 PersianIndigo
018 151 217 217 144 088 PersianOrange
232 123 247 247 127 190 PersianPink
000 191 112 112 028 028 PersianPlum
000 191 204 204 051 051 PersianRed
230 214 254 254 040 162 PersianRose
015 255 236 236 088 000 Persimmon
020 176 205 205 133 063 Peru
141 061 183 139 168 183 PewterBlue
207 255 255 223 000 255 Phlox
165 255 137 000 015 137 PhthaloBlue
106 168 053 018 053 036 PhthaloGreen
141 179 232 069 177 232 PictonBlue
239 240 195 195 011 078 PictureCarmine
243 032 253 253 221 230 PiggyPink
027 216 086 086 060 013 Pineapple
123 252 121 001 121 111 PineGreen
232 169 215 215 072 148 Pink
014 153 255 255 153 102 Pink-orange
247 063 255 255 192 203 PinkAlt
212 138 253 252 116 253 PinkFlamingo
226 034 255 255 221 244 PinkLace
220 044 216 216 178 209 PinkLavender
229 065 231 231 172 207 PinkPearl
239 255 152 152 000 054 PinkRaspberry
245 107 247 247 143 167 PinkSherbet
068 107 197 147 197 114 Pistachio
184 220 133 057 018 133 PixiePowder
028 003 229 229 228 226 Platinum
217 131 142 142 069 133 Plum
212 070 221 221 160 221 PlumAlt
177 154 178 089 070 178 PlumpPurple
117 110 164 093 164 147 PolishedPine
205 082 142 134 096 142 PompAndPower
247 148 190 190 079 098 Popstar
007 201 255 255 090 054 PortlandOrange
132 059 230 176 224 230 PowderBlue
229 122 255 255 133 207 PrincessPerfume
018 216 245 245 128 037 PrincetonOrange
000 191 112 112 028 028 Prune
144 255 083 000 049 083 PrussianBlue
207 255 255 223 000 255 PsychedelicPurple
244 085 204 204 136 153 Puce
249 149 114 114 047 055 PuceRed
023 196 100 100 065 023 PullmanBrown
031 133 059 059 051 028 PullmanGreen
017 231 255 255 117 024 Pumpkin
212 255 128 128 000 128 Purple
204 255 197 159 000 197 Purple(Munsell)
196 221 240 160 032 240 Purple(X11)
191 168 156 105 053 156 PurpleHeart
190 086 182 150 120 182 PurpleMountain
167 099 128 078 081 128 PurpleNavy
221 176 254 254 078 218 PurplePizzazz
201 141 182 156 081 182 PurplePlum
220 051 080 080 064 077 PurpleTaupe
203 140 174 154 078 174 Purpureus
221 028 081 081 072 079 Quartz
149 140 149 067 107 149 QueenBlue
238 030 232 232 204 215 QueenPink
000 000 166 166 166 166 QuickSilver
239 150 142 142 058 089 QuinaMagenta
254 252 204 204 002 004 R
144 113 168 093 138 168 Rackley
246 202 255 255 053 094 RadicalRed
212 021 036 036 033 036 RaisinBlack
020 157 251 251 171 096 Rajah
239 242 227 227 011 092 Raspberry
243 087 145 145 095 109 RaspberryGlace
234 164 226 226 080 152 RaspberryPink
239 158 179 179 068 108 RaspberryRose
016 148 214 214 138 089 RawSienna
023 121 130 130 102 068 RawUmber
223 204 255 255 051 204 RazzleDazzleRose
239 213 227 227 037 107 Razzmatazz
217 113 141 141 078 133 RazzmicBerry
170 249 100 004 002 100 RB
191 168 153 102 052 153 RebeccaPurple
000 255 255 255 000 000 Red
245 220 238 238 032 077 Red(Crayola)
244 255 242 242 000 060 Red(Munsell)
244 252 196 196 002 051 Red(NCS)
251 210 237 237 041 057 Red(Pantone)
253 224 237 237 028 036 Red(pigment)
003 236 254 254 039 018 Red(RYB)
000 190 165 165 042 042 Red-brown
002 182 255 255 083 073 Red-orange
232 255 228 228 000 120 Red-purple
228 228 199 199 021 133 Red-violet
249 253 134 134 001 017 RedDevil
251 196 253 253 058 074 RedSalsa
004 127 164 164 090 082 Redwood
188 165 128 082 045 128 Regalia
000 000 000 000 000 000 RegistrationBlack
158 255 135 000 035 135 ResolutionBlue
171 054 150 119 118 150 Rhythm
127 255 064 000 064 064 RichBlack
146 241 019 001 011 019 RichBlack(FOGRA29)
148 170 003 001 002 003 RichBlack(FOGRA39)
206 087 254 241 167 254 RichBrillLavender
242 255 215 215 000 064 RichCarmine
140 245 208 008 146 208 RichElectricBlue
195 123 207 167 107 207 RichLavender
201 131 210 182 102 210 RichLilac
239 185 176 176 048 096 RichMaroon
059 067 076 068 076 056 RifleGreen
000 107 112 112 066 065 RoastCoffee
127 255 204 000 204 204 RobinEggBlue
251 020 138 138 127 128 RocketMetallic
156 032 150 131 137 150 RomanSilver
233 255 255 255 000 127 Rose
233 187 249 249 066 158 RoseBonbon
243 103 158 158 094 111 RoseDust
002 081 103 103 072 070 RoseEbony
248 101 183 183 110 121 RoseGold
251 212 227 227 038 054 RoseMadder
226 153 255 255 102 204 RosePink
214 027 170 170 152 169 RoseQuartz
240 215 194 194 030 086 RoseRed
000 090 144 144 093 093 RoseTaupe
253 138 171 171 078 082 RoseVale
250 255 101 101 000 011 Rosewood
000 255 212 212 000 000 RossoCorsa
000 061 188 188 143 143 RosyBrown
155 255 168 000 056 168 RoyalAzure
155 255 102 000 035 102 RoyalBlue
159 181 225 065 105 225 RoyalBlueAlt
227 199 202 202 044 146 RoyalFuchsia
188 132 169 120 081 169 RoyalPurple
033 159 250 250 218 094 RoyalYellow
009 209 244 244 090 044 RT
240 168 206 206 070 118 Ruber
237 255 209 209 000 086 RubineRed
238 235 224 224 017 095 Ruby
250 227 155 155 017 030 RubyRed
248 255 255 255 000 040 Ruddy
017 200 187 187 101 040 RuddyBrown
250 094 225 225 142 150 RuddyPink
005 244 168 168 028 007 Rufous
018 201 128 128 070 027 Russet
085 075 146 103 146 103 RussianGreen
191 178 077 050 023 077 RussianViolet
012 235 183 183 065 014 Rust
249 203 218 218 044 067 RustyRed
015 250 228 228 086 004 S
116 255 086 000 086 063 SacramentoGreen
017 220 139 139 069 019 SaddleBrown
019 255 255 255 120 000 SafetyOrange
037 252 238 238 210 002 SafetyYellow
032 204 244 244 196 048 Saffron
039 067 188 188 184 138 Sage
004 138 250 250 128 114 Salmon
247 110 255 255 145 164 SalmonPink
032 086 194 194 178 128 Sand
030 215 150 150 113 023 SandDune
036 185 236 236 213 064 Sandstorm
019 154 244 244 164 096 SandyBrown
030 215 150 150 113 023 SandyTaupe
252 255 146 146 000 010 Sangria
065 169 125 080 125 042 SapGreen
153 234 186 015 082 186 Sapphire
143 255 165 000 103 165 SapphireBlue
241 185 255 255 070 129 SasquatchSocks
030 188 203 203 161 053 SatinSheenGold
248 240 253 253 014 053 Scarlet
005 255 255 255 036 000 ScarletAlt
243 110 255 255 145 175 SchaussPink
036 255 255 255 216 000 SchoolBusYellow
085 153 255 102 255 102 Screamin'Green
139 255 148 000 105 148 SeaBlue
103 170 139 046 139 087 SeaGreen
000 153 050 050 020 020 SealBrown
130 162 207 075 199 207 SeaSerpent
017 017 255 255 245 238 Seashell
030 255 255 255 186 000 SelectiveYellow
021 209 112 112 066 020 Sepia
026 083 138 138 121 093 Shadow
151 071 165 119 139 165 ShadowBlue
224 048 255 255 207 241 Shampoo
110 255 158 000 158 096 ShamrockGreen
056 255 212 143 212 000 SheenGreen
247 097 217 217 134 149 ShimmeringBlush
099 109 167 095 167 120 ShinyShamrock
223 239 252 252 015 192 ShockingPink
212 144 255 255 111 255 ShockingPinkCrayola
008 211 136 136 045 023 Sienna
000 000 192 192 192 192 Silver
000 000 172 172 172 172 SilverChalice
149 127 186 093 137 186 SilverLakeBlue
001 029 196 196 174 173 SilverPink
141 003 194 191 193 194 SilverSand
011 241 203 203 065 011 Sinopia
248 199 255 255 056 085 SizzlingRed
036 255 255 255 219 000 SizzlingSunrise
127 255 116 000 116 116 Skobeloff
139 108 235 135 206 235 SkyBlue
226 115 207 207 113 175 SkyMagenta
175 143 205 106 090 205 SlateBlue
148 056 144 112 128 144 SlateGray
155 255 153 000 051 153 Smalt
233 172 200 200 065 134 Smitten
093 029 130 115 130 118 Smoke
021 127 016 016 012 008 SmokyBlack
253 149 147 147 061 065 SmokyTopaz
000 005 255 255 250 250 Snow
176 041 239 206 200 239 Soap
249 150 137 137 056 067 SolidPink
000 000 117 117 117 117 SonicSilver
160 163 081 029 041 081 SpaceCadet
036 155 128 128 117 050 SpanishBistre
144 255 184 000 112 184 SpanishBlue
240 255 209 209 000 071 SpanishCarmine
244 226 229 229 026 076 SpanishCrimson
000 000 152 152 152 152 SpanishGray
108 255 145 000 145 080 SpanishGreen
017 255 232 232 097 000 SpanishOrange
000 058 247 247 191 190 SpanishPink
247 255 230 230 000 038 SpanishRed
127 255 255 000 255 255 SpanishSkyBlue
187 176 130 076 040 130 SpanishViolet
115 255 127 000 127 092 SpanishViridian
254 224 158 158 019 022 SpartanCrimson
012 113 139 139 095 077 SpicyMix
138 239 252 015 192 252 SpiroDiscoBall
056 255 252 167 252 000 SpringBud
066 213 255 135 255 042 SpringFrost
106 255 255 000 255 127 SpringGreen
167 181 122 035 041 122 St.Patrick'sBlue
141 255 184 000 123 184 StarCommandBlue
146 155 180 070 130 180 SteelBlue
212 191 204 204 051 204 SteelPink
128 080 139 095 138 139 SteelTeal
033 159 250 250 218 094 StilDeGrainYellow
000 255 153 153 000 000 Stizza
133 064 106 079 102 106 Stormcloud
038 130 228 228 217 111 Straw
241 163 252 252 090 141 Strawberry
230 117 145 145 078 117 SugarPlum
252 191 255 255 064 076 SunburntCyclops
031 204 255 255 204 051 Sunglow
042 126 242 242 242 122 Sunny
025 157 227 227 171 087 Sunray
024 086 250 250 214 165 Sunset
002 171 253 253 094 083 SunsetOrange
228 123 207 207 107 169 SuperPink
002 180 168 168 055 049 SweetBrown
027 194 084 084 062 020 T
024 085 210 210 180 140 Tan
013 255 249 249 077 000 Tangelo
023 255 242 242 133 000 Tangerine
034 255 255 255 204 000 TangerineYellow
251 128 228 228 113 122 TangoPink
001 183 251 251 077 070 TartOrange
019 077 072 072 060 050 Taupe
226 011 139 139 133 137 TaupeGray
070 051 240 208 240 192 TeaGreen
127 255 128 000 128 128 Teal
137 153 136 054 117 136 TealBlue
099 085 230 153 230 179 TealDeer
126 255 130 000 130 127 TealGreen
000 052 244 244 194 194 TeaRose
003 130 248 248 131 121 TeaRoseAlt
236 190 207 207 052 118 Telemagenta
018 255 205 205 087 000 Tenne
007 152 226 226 114 091 TerraCotta
212 029 216 216 191 216 Thistle
235 127 222 222 111 161 ThulianPink
242 116 252 252 137 172 TickleMePink
126 241 186 010 186 181 TiffanyBlue
020 186 224 224 141 060 Tiger'sEye
023 010 219 219 215 210 Timberwolf
041 255 238 238 230 000 TitaniumYellow
006 184 255 255 099 071 Tomato
174 111 192 116 108 192 Toolbox
024 131 255 255 200 124 Topaz
248 240 253 253 014 053 TractorRed
000 000 128 128 128 128 TrolleyGrey
119 255 117 000 117 094 TropicalForest
200 066 222 205 164 222 TropicalViolet
146 255 207 000 115 207 TrueBlue
150 169 193 065 125 193 TuftsBlue
252 120 255 255 135 141 Tulip
016 098 222 222 170 136 Tumbleweed
245 094 181 181 114 129 TurkishRose
123 182 224 064 224 208 Turquoise
124 255 255 000 255 239 TurquoiseBlue
100 064 214 160 214 180 TurquoiseGreen
024 086 250 250 214 165 Tuscan
017 128 111 111 078 055 TuscanBrown
000 106 124 124 072 072 TuscanRed
018 115 166 166 123 091 TuscanTan
000 051 192 192 153 153 Tuscany
232 120 138 138 073 107 TwilightLavender
230 250 102 102 002 060 TyrianPurple
157 255 170 000 051 170 UABlue
240 255 217 217 000 076 UARed
179 098 195 136 120 195 Ube
156 112 149 083 104 149 UCLABlue
029 255 255 255 179 000 UCLAGold
099 181 208 060 208 112 UFOGreen
172 237 143 018 010 143 Ultramarine
161 187 245 065 102 245 UltramarineBlue
212 144 255 255 111 255 UltraPink
247 145 252 252 108 133 UltraRed
015 072 099 099 081 071 Umber
015 053 255 255 221 202 UnbleachedSilk
153 153 229 091 146 229 UnitedNationsBlue
042 153 255 255 255 102 UnmellowYellow
028 200 183 183 135 039 UofCalGold
021 255 247 247 127 000 UofTennOrange
105 251 068 001 068 033 UPForestGreen
254 219 123 123 017 019 UPMaroon
023 196 100 100 065 023 UPSBrown
252 208 174 174 032 041 UpsdellRed
030 217 225 225 173 033 Urobilin
147 255 152 000 079 152 USAFABlue
000 255 153 153 000 000 USCCardinal
034 255 255 255 204 000 USCGold
242 255 211 211 000 063 UtahCrimson
034 075 243 243 229 171 Vanilla
243 104 243 243 143 169 VanillaIce
035 141 197 197 179 088 VegasGold
252 244 200 200 008 021 VenetianRed
125 159 179 067 179 174 Verdigris
005 219 217 217 056 030 Vermilion
003 196 227 227 066 052 VermilionAlt
196 221 240 160 032 240 Veronica
147 137 251 116 187 251 VeryLightAzure
170 153 255 102 102 255 VeryLightBlue
095 145 233 100 233 134 VeryLightMalachite
017 136 255 255 176 119 VeryLightTangelo
021 064 255 255 223 191 VeryPaleOrange
042 064 255 255 255 191 VeryPaleYellow
193 255 255 143 000 255 Violet
202 253 175 134 001 175 Violet(RYB)
212 115 238 238 130 238 Violet(web)
191 255 255 127 000 255 Violet(wheel)
162 183 178 050 074 178 Violet-blue
238 169 247 247 083 148 Violet-red
113 129 130 064 130 109 Viridian
128 255 152 000 150 152 ViridianGreen
154 109 217 124 158 217 VistaBlue
031 255 204 204 153 000 VividAmber
001 192 146 146 039 036 VividAuburn
247 208 159 159 029 053 VividBurgundy
232 221 218 218 029 129 VividCerise
139 255 238 000 170 238 VividCerulean
244 255 204 204 000 051 VividCrimson
025 255 255 255 153 000 VividGamboge
052 245 214 166 214 008 VividLimeGreen
095 255 204 000 204 051 VividMalachite
204 241 227 184 012 227 VividMulberry
015 255 255 255 095 000 VividOrange
026 255 255 255 160 000 VividOrangePeel
204 255 255 204 000 255 VividOrchid
237 255 255 255 000 108 VividRaspberry
252 241 247 247 013 026 VividRed
013 213 223 223 097 036 VividRed-tangelo
135 255 255 000 204 255 VividSkyBlue
016 213 240 240 116 039 VividTangelo
008 118 255 255 160 137 VividTangerine
013 214 229 229 096 036 VividVermilion
196 255 255 159 000 255 VividViolet
037 253 255 255 227 002 VividYellow
253 057 220 220 170 172 VLC
050 255 255 205 255 000 Volt
212 002 228 228 226 228 W
127 255 066 000 066 066 WarmBlack
130 087 249 164 244 249 Waterspout
144 070 171 124 152 171 WeldonBlue
004 045 100 100 084 082 Wenge
027 068 245 245 222 179 Wheat
000 000 255 255 255 255 White
000 000 245 245 245 245 WhiteSmoke
159 056 208 162 173 208 WildBlueYonder
233 120 212 212 112 162 WildOrchid
233 188 255 255 067 164 WildStrawberry
247 145 252 252 108 133 WildWatermelon
014 255 253 253 088 000 WillpowerOrange
021 251 167 167 085 002 WindsorTan
249 149 114 114 047 055 Wine
237 133 103 103 049 071 WineDregs
118 093 136 086 136 125 WintergreenDream
234 255 255 255 000 124 WinterSky
138 095 255 160 230 255 WinterWizard
199 069 220 201 160 220 Wisteria
023 113 193 193 154 107 WoodBrown
236 249 100 100 002 044 WR
096 036 134 115 134 120 Xanadu
034 250 236 236 194 004 Y
149 228 146 015 077 146 YaleBlue
156 145 065 028 040 065 YankeesBlue
042 255 255 255 255 000 Yellow
035 122 252 252 232 131 Yellow(Crayola)
036 255 239 239 204 000 Yellow(Munsell)
035 255 255 255 211 000 Yellow(NCS)
037 255 254 254 223 000 Yellow(Pantone)
039 255 255 255 239 000 Yellow(process)
042 203 254 254 254 051 Yellow(RYB)
056 192 205 154 205 050 Yellow-green
024 189 255 255 174 066 YellowOrange
040 255 255 255 240 000 YellowRose
041 255 255 255 247 000 YellowSunshine
164 255 168 000 020 168 Zaffre
016 208 044 044 022 008 ZinnwalditeBrown
117 167 167 057 167 142 Zomp
